 
 
 
 
 
 
 &Mim
    Zsig=3,
 
 
 
 
 
 
 
 
 
 
    M1=7, M1v=7, Jpfr=2,
 
 
    Ner1=31,Nred=18,
    Sostav=
         235,   
         236,   
         238,   
         229,   
         239,   
         240,   
         241,   
         242,   
         201,   
         202,   
         203,   
         227,   
         248,   
         222,   
         223,   
         224,   
         225,   
         234,   
         215,   
          23,   
          16,   
          56,   
          52,   
          59,   
          96,   
          10,   
          11,   
          12,   
          93,   
          55,   
          14,   
 
    Nzon=1,2,3,4,5,6,7,
 
 Ad=
 
   1.176e-5,      
   .0,            
   1.16e-2,       
   .0,            
   1.043e-3,      
   4.177e-4,      
   1.263e-4,      
   8.217e-5,      
   .0,            
   .0,            
   .0,            
   .0,            
   2.558e-5,      
   .0,            
   .0,            
   .0,            
   .0,            
   .0,            
   .0,            
   6.59e-3,       
   .0,            
   1.45e-2,       
   2.04e-3,       
   1.42e-5,       
   1.49e-5,       
   .0,            
   .0,            
   .0,            
   4.00e-5,       
   4.27e-5,       
   1.331e-2,      
 
 
 
   1.176e-5,      
   .0,            
   1.16e-2,       
   .0,            
   1.043e-3,      
   4.177e-4,      
   1.263e-4,      
   8.217e-5,      
   .0,            
   .0,            
   .0,            
   .0,            
   2.558e-5,      
   .0,            
   .0,            
   .0,            
   .0,            
   .0,            
   .0,            
   6.43E-03,      
   .0,            
   1.45e-2,       
   2.04e-3,       
   1.42e-5,       
   1.49e-5,       
   .0,            
   .0,            
   .0,            
   4.00e-5,       
   4.27e-5,       
   1.331e-2,      
 
 
   1.176e-5,      
   .0,            
   1.16e-2,       
   .0,            
   1.043e-3,      
   4.177e-4,      
   1.263e-4,      
   8.217e-5,      
   .0,            
   .0,            
   .0,            
   .0,            
   2.558e-5,      
   .0,            
   .0,            
   .0,            
   .0,            
   .0,            
   .0,            
   6.75E-03,      
   .0,            
   1.45e-2,       
   2.04e-3,       
   1.42e-5,       
   1.49e-5,       
   .0,            
   .0,            
   .0,            
   4.00e-5,       
   4.27e-5,       
   1.331e-2,      
 
 
   1.176e-5,      
   .0,            
   1.16e-2,       
   .0,            
   1.043e-3,      
   4.177e-4,      
   1.263e-4,      
   8.217e-5,      
   .0,            
   .0,            
   .0,            
   .0,            
   2.558e-5,      
   .0,            
   .0,            
   .0,            
   .0,            
   .0,            
   .0,            
   4.00E-03,      
   .0,            
   1.45e-2,       
   2.04e-3,       
   1.42e-5,       
   1.49e-5,       
   .0,            
   .0,            
   .0,            
   4.00e-5,       
   4.27e-5,       
   1.331e-2,      
 
 
   1.176e-5,      
   .0,            
   1.16e-2,       
   .0,            
   1.043e-3,      
   4.177e-4,      
   1.263e-4,      
   8.217e-5,      
   .0,            
   .0,            
   .0,            
   .0,            
   2.558e-5,      
   .0,            
   .0,            
   .0,            
   .0,            
   .0,            
   .0,            
   5.00E-03,      
   .0,            
   1.45e-2,       
   2.04e-3,       
   1.42e-5,       
   1.49e-5,       
   .0,            
   .0,            
   .0,            
   4.00e-5,       
   4.27e-5,       
   1.331e-2,      
 
 
 
   .0,            
   .0,            
   .0,            
   .0,            
   .0,            
   .0,            
   .0,            
   .0,            
   .0,            
   .0,            
   .0,            
   .0,            
   .0,            
   .0,            
   .0,            
   .0,            
   .0,            
   .0,            
   .0,            
   6.59E-03,      
   .0,            
   5.05E-02,      
   7.07E-03,      
   4.92E-05,      
   5.18E-05,      
   .0,            
   .0,            
   .0,            
   1.39E-04,      
   1.48E-04,      
   .0,            
 
 
   .0,            
   .0,            
   .0,            
   .0,            
   .0,            
   .0,            
   .0,            
   .0,            
   .0,            
   .0,            
   .0,            
   .0,            
   .0,            
   .0,            
   .0,            
   .0,            
   .0,            
   .0,            
   .0,            
   6.59E-03,      
   .0,            
   5.05E-02,      
   7.07E-03,      
   4.92E-05,      
   5.18E-05,      
   .0,            
   .0,            
   .0,            
   1.39E-04,      
   1.48E-04,      
   .0,            
 
 
      Tem=1200,1100,1000,900,800,850,850,
 
 
 
 
 
 
  Mng=26,Mnog=11,
  Ncol=1,2,3,4,5,6,7,8,9,10,11,12,13,14,15,16,17,18,19,20,
       21,22,23,24,25,26,
 
 &End
 
 &D26
 
 
 
   Ndm=3,
 
 
 
   Nr2=7,
   Nslz= 1,    2,      3,      4,      5,      6,      7,
   Hzr=  40.2, 16.834, 16.834, 16.834, 16.834, 16.834, 40.2,
 
 
 
   Nge=2,
   Nr1=5,  Ns=5,5,5,5,5,
 
   Nk=
      4,4,4,4,4,
      4,4,5,4,4,
      4,1,2,4,4,
      4,4,3,4,4,
      4,4,4,4,4,
 
 
   H=20.,
 
 
 
 
 
   Nt=7, Nf=5,
 
 
 
 
 
 
 
   KT=  6, 2, 2, 1, 2, 2, 7,
        6, 2, 2, 4, 2, 2, 7,
        6, 2, 2, 5, 2, 2, 7,
        6, 2, 2, 2, 2, 2, 7,
        6, 2, 2, 3, 2, 2, 7,
 
 
 
 
 
 
 
 
 
 
 
 
 
 
 
 
   Nsm=1,1,1,1,1,1,
   Nlg=1,
   Gam=1300*0.,
 
   Gm=52*1000.,
 
 
 
  Jitr=1,
 
 &End
 
 &Dan
  Ng=26,Mg=11,
 
 
 
 
 
 
 
 
 
    Pw=224.018455, 
 
 
 
 
 
 
 
   Juch=0,
   J2x=0,
   it=1, om=26*1.,
 
   Jitr=1,
 
  Eps1=1.E-5, Maxi=200,
  Eps2=1.E-5, Eps3=1.E-4,
 
 
  Nnaz=2,
 
 
  Ncaz=4,
 
 
  Jtv=0,
 
 
  Jupbn=0,
 
 
  Jfiz=1,
 
 
  Jnum=1,
 
 
  Jpri=1,
 
 
  Ipr=2,
 
 
  Jprw=7*1,
 &End
 
 &Obr
 
  Naz=5,
 
 
  Ntor=0,
 
 
  Nbok=0,
 
 
 
  Ngel=3,Ngor=235,239,241
  Nvel=2,Nvos=238,240,
  Nkv=1, Nkr=1,
 
 
  Ntnz=1,1,1,1,1,4,4,
 
 
  Jpfz=1,2,3,4,5,
 &End
 
 &Upbn
 
 
   Burn_b10=0,
 
   
 
    T=3240.,  
 
   
 
   Ndt=13,   
 
   
   T_Usr=              
                330.,  
                 30.,  
                330.,  
                 30.,  
                330.,  
                 30.,  
                330.,  
                 30.,  
                330.,  
                 30.,  
                330.,  
                 30.,  
                       
               1080.,  
 
   
   PWM=                
                       
             
             0.00001,  
              224.02,  
             0.00001,  
              224.02,  
             0.00001,  
              224.02,  
             0.00001,  
              224.02,  
             0.00001,  
              224.02,  
             0.00001,  
                       
             0.00001,  
 
   
   Jprn=13*3,
 
   
   Ipr=0,
 
   
   Jprw=7*0,
 
   
   Jdpas=0,
 
   
 
 
 &End
 
 
 
